(function(name,data){
 if(typeof onTileMapLoaded === 'undefined') {
  if(typeof TileMaps === 'undefined') TileMaps = {};
  TileMaps[name] = data;
 } else {
  onTileMapLoaded(name,data);
 }
 if(typeof module === 'object' && module && module.exports) {
  module.exports = data;
 }})("level1",
{ "compressionlevel":-1,
 "height":15,
 "infinite":false,
 "layers":[
        {
         "data":[82, 82, 82, 82, 82, 82, 82, 82, 82, 82, 82, 82, 82, 82, 82, 82, 82, 82, 82, 82, 82, 82, 82, 82, 82, 82, 82, 82, 82, 82,
            82, 0, 0, 0, 0, 0, 0, 0, 0, 0, 0, 0, 0, 0, 0, 0, 0, 0, 0, 0, 0, 0, 0, 0, 0, 0, 0, 0, 0, 82,
            82, 0, 82, 82, 82, 82, 82, 82, 0, 82, 0, 0, 82, 82, 0, 0, 82, 82, 0, 0, 82, 0, 82, 82, 82, 82, 82, 82, 0, 82,
            82, 0, 82, 82, 82, 82, 82, 82, 0, 82, 0, 0, 82, 0, 0, 0, 0, 82, 0, 0, 82, 0, 82, 82, 82, 82, 82, 82, 0, 82,
            82, 0, 0, 0, 0, 0, 0, 0, 0, 0, 0, 0, 82, 82, 82, 82, 82, 82, 0, 0, 82, 0, 0, 0, 0, 0, 0, 0, 0, 82,
            82, 0, 82, 82, 82, 82, 82, 82, 0, 82, 0, 0, 0, 0, 0, 0, 0, 0, 0, 0, 82, 82, 82, 82, 82, 82, 0, 82, 0, 82,
            82, 0, 0, 0, 0, 0, 0, 0, 0, 82, 0, 82, 82, 0, 0, 0, 0, 82, 82, 0, 0, 0, 0, 0, 0, 0, 0, 82, 0, 82,
            82, 0, 82, 82, 82, 82, 82, 82, 82, 82, 0, 82, 82, 0, 0, 0, 0, 82, 82, 0, 82, 82, 82, 82, 82, 82, 0, 82, 0, 82,
            82, 0, 0, 0, 0, 0, 0, 0, 0, 82, 0, 0, 0, 0, 0, 0, 0, 0, 0, 0, 0, 0, 0, 0, 0, 0, 0, 82, 0, 82,
            82, 0, 82, 82, 82, 82, 82, 82, 0, 82, 0, 0, 82, 82, 82, 82, 82, 82, 0, 0, 82, 82, 82, 82, 82, 82, 0, 82, 0, 82,
            82, 0, 0, 0, 0, 0, 0, 0, 0, 0, 0, 0, 0, 0, 0, 0, 0, 0, 0, 0, 82, 0, 0, 0, 0, 0, 0, 0, 0, 82,
            82, 0, 82, 82, 82, 82, 82, 82, 0, 82, 0, 0, 0, 0, 0, 0, 0, 0, 0, 0, 82, 0, 82, 82, 82, 82, 82, 82, 0, 82,
            82, 0, 82, 82, 82, 82, 82, 82, 0, 82, 0, 0, 82, 82, 82, 82, 82, 82, 0, 0, 82, 0, 82, 82, 82, 82, 82, 82, 0, 82,
            82, 0, 0, 0, 0, 0, 0, 0, 0, 0, 0, 0, 0, 0, 0, 0, 0, 0, 0, 0, 0, 0, 0, 0, 0, 0, 0, 0, 0, 82,
            82, 82, 82, 82, 82, 82, 82, 82, 82, 82, 82, 82, 82, 82, 82, 82, 82, 82, 82, 82, 82, 82, 82, 82, 82, 82, 82, 82, 82, 82],
         "height":15,
         "id":1,
         "name":"Tile Layer 1",
         "opacity":1,
         "type":"tilelayer",
         "visible":true,
         "width":30,
         "x":0,
         "y":0
        }],
 "nextlayerid":2,
 "nextobjectid":1,
 "orientation":"orthogonal",
 "renderorder":"right-down",
 "tiledversion":"1.9.2",
 "tileheight":32,
 "tilesets":[
        {
         "firstgid":1,
         "source":"p.tsx"
        }],
 "tilewidth":32,
 "type":"map",
 "version":"1.9",
 "width":30
});